Chupete 1 4.500000 12
Biberon 2 9.000000 20
Pañales 3 19.950001 15
Colonia 4 8.500000 3
Peine 5 3.000000 2
Cepillo 6 3.000000 5
Tetina 7 6.250000 10
Babero 8 5.450000 1
Talco 9 15.300000 4
Jabón 10 17.250000 4
Crema 11 14.750000 9
Pomada 12 12.950000 15
Pomada 12 12.950000 15
Raton 1 9.500000 12
Teclado 2 14.500000 20
Memoria 3 23.950001 15
Monitor 4 128.500000 3
Router 5 34.150002 2
Altavoces 6 12.500000 5
DVDs 7 6.250000 10
CDs 8 5.450000 1
Impresora 9 150.300003 4
Toner 10 75.250000 4
Portatil 11 254.750000 9
Ventilador 12 20.950001 15
Ventilador 12 20.950001 15
